instruction:
11.52240514755249 24.460065364837646 42.629175662994385 65.67213749885559 94.3596088886261
14.602963209152222 14.679380416870117 35.14610981941223 60.06632399559021 90.03929448127747
18.03190803527832 17.75459933280945 17.965047359466553 45.26599860191345 77.44566011428833
21.60916805267334 21.584155321121216 21.660578727722168 21.427934408187866 55.27812743186951
25.00971794128418 24.431874752044678 24.838635683059692 24.653077125549316 24.46310043334961
27.808655500411987 27.96391797065735 27.682003498077393 28.073122024536133 27.54089641571045
over_grid_count:
2 1 1 1 1
10 10 11 2 1
63 63 63 92 105
826 826 826 826 1050
8140 8140 8140 8140 8140
27346 27346 27346 27346 27346